364.5399475097656, -327.04998779296875
364.3028869628906, -327.0394592285156
364.0306701660156, -327.02685546875
363.6881103515625, -327.00994873046875
363.2841796875, -326.98876953125
363.0608825683594, -326.97650146484375
362.82373046875, -326.9631042480469
362.5730895996094, -326.9485778808594
362.3095703125, -326.9368896484375
362.0422058105469, -326.9267578125
361.7709655761719, -326.916748046875
361.4924621582031, -326.9065856933594
361.20440673828125, -326.89617919921875
360.9000549316406, -326.8854064941406
360.5830383300781, -326.8743591308594
360.25445556640625, -326.8626403808594
359.9132080078125, -326.85076904296875
359.5593566894531, -326.83837890625
359.1965637207031, -326.82611083984375
358.8306884765625, -326.8134765625
358.4668273925781, -326.80126953125
358.1077575683594, -326.7889099121094
357.7548828125, -326.77716064453125
357.4086608886719, -326.76531982421875
357.0691833496094, -326.7556457519531
356.73626708984375, -326.7472229003906
356.40948486328125, -326.73992919921875
356.0877990722656, -326.73291015625
355.7699890136719, -326.72674560546875
355.4544372558594, -326.7205810546875
355.1395568847656, -326.7150573730469
354.8243408203125, -326.70941162109375
354.5081481933594, -326.7043151855469
354.1914367675781, -326.6990051269531
353.8749084472656, -326.6941833496094
353.5596923828125, -326.68914794921875
353.2467956542969, -326.68463134765625
352.93701171875, -326.67987060546875
352.630859375, -326.6755676269531
352.32843017578125, -326.6717834472656
352.02935791015625, -326.6689453125
351.7332763671875, -326.66607666015625
351.43951416015625, -326.6638488769531
351.1473693847656, -326.6613464355469
350.8563232421875, -326.6594543457031
350.5660095214844, -326.65728759765625
350.2763977050781, -326.6556091308594
349.9877624511719, -326.65362548828125
349.70050048828125, -326.6521301269531
349.4149475097656, -326.6502990722656
349.1316833496094, -326.64892578125
348.8507995605469, -326.647216796875
348.5725402832031, -326.64593505859375
348.2967834472656, -326.6443176269531
348.0233154296875, -326.6430969238281
347.7518310546875, -326.64154052734375
347.4821472167969, -326.6403503417969
347.2137756347656, -326.6388854980469
346.9455871582031, -326.6377258300781
346.67474365234375, -326.6361999511719
346.3982849121094, -326.6351013183594
346.1135559082031, -326.6336364746094
345.8187561035156, -326.63238525390625
345.5126037597656, -326.63079833984375
345.1941833496094, -326.6297302246094
344.8627624511719, -326.62847900390625
344.5180358886719, -326.6275634765625
344.1597595214844, -326.62640380859375
343.78765869140625, -326.6255798339844
343.4017639160156, -326.62445068359375
343.0022888183594, -326.6236572265625
342.5910339355469, -326.62255859375
342.171630859375, -326.6217956542969
341.7494201660156, -326.6207580566406
341.3287048339844, -326.6200256347656
340.911865234375, -326.6190185546875
340.5000305175781, -326.6183776855469
340.0937805175781, -326.6175537109375
339.6927795410156, -326.6171569824219
339.2958068847656, -326.6164855957031
338.9012451171875, -326.6162109375
338.5070495605469, -326.6156005859375
338.11126708984375, -326.61529541015625
337.7126159667969, -326.6147766113281
337.310546875, -326.6145324707031
336.9053039550781, -326.6139831542969
336.49798583984375, -326.61376953125
336.08984375, -326.61322021484375
335.6818542480469, -326.6130676269531
335.2751159667969, -326.6126708984375
334.8699645996094, -326.61260986328125
334.4665832519531, -326.6122131347656
334.06463623046875, -326.6121826171875
333.6636657714844, -326.6119079589844
333.2630920410156, -326.6119384765625
332.86224365234375, -326.6116943359375
332.4607238769531, -326.6116638183594
332.0583801269531, -326.611328125
331.6550598144531, -326.61126708984375
331.2509765625, -326.6109313964844
330.8464050292969, -326.61090087890625
330.44171142578125, -326.61053466796875
330.0372619628906, -326.6105041503906
329.6332092285156, -326.6101989746094
329.2296447753906, -326.6102600097656
328.8265686035156, -326.61004638671875
328.4238586425781, -326.6101379394531
328.0213317871094, -326.60992431640625
327.6188659667969, -326.6100158691406
327.21624755859375, -326.60980224609375
326.8133850097656, -326.60992431640625
326.41021728515625, -326.6097717285156
326.0068359375, -326.60986328125
325.6032409667969, -326.60968017578125
325.19964599609375, -326.6098327636719
324.7960205078125, -326.60968017578125
324.3924865722656, -326.6098327636719
323.98907470703125, -326.60968017578125
323.5858459472656, -326.6098327636719
323.18267822265625, -326.6097106933594
322.7796630859375, -326.60992431640625
322.37664794921875, -326.60980224609375
321.9736022949219, -326.6099853515625
321.57049560546875, -326.6098327636719
321.1673278808594, -326.6099853515625
320.7640686035156, -326.60980224609375
320.3607482910156, -326.6099853515625
319.9574279785156, -326.60980224609375
319.5541076660156, -326.6099853515625
319.1507873535156, -326.60980224609375
318.7474670410156, -326.6099853515625
318.3442077636719, -326.6098327636719
317.94097900390625, -326.6100158691406
317.53778076171875, -326.60992431640625
317.1345520019531, -326.610107421875
316.7313232421875, -326.6099548339844
316.3280944824219, -326.610107421875
315.92486572265625, -326.6099548339844
315.52166748046875, -326.610107421875
315.1184387207031, -326.6099548339844
314.7152099609375, -326.610107421875
314.3119201660156, -326.6099548339844
313.90863037109375, -326.610107421875
313.5054016113281, -326.6099548339844
313.1021728515625, -326.610107421875
312.6989440917969, -326.6099548339844
312.2957458496094, -326.6100769042969
311.89251708984375, -326.60986328125
311.4892883300781, -326.61004638671875
311.0860595703125, -326.60986328125
310.6828308105469, -326.6100158691406
310.2796325683594, -326.60986328125
309.87640380859375, -326.61004638671875
309.4731750488281, -326.6098937988281
309.0699462890625, -326.61004638671875
308.6667175292969, -326.6098937988281
308.2635192871094, -326.61004638671875
307.86029052734375, -326.60992431640625
307.4570617675781, -326.6100769042969
307.0538330078125, -326.60992431640625
306.6506042480469, -326.6100769042969
306.2474060058594, -326.60992431640625
305.84417724609375, -326.6100769042969
305.4409484863281, -326.60992431640625
305.0377197265625, -326.6100769042969
304.6344909667969, -326.60992431640625
304.2312927246094, -326.6100769042969
303.82806396484375, -326.60992431640625
303.4248352050781, -326.6100769042969
303.0216064453125, -326.60992431640625
302.6183776855469, -326.6100769042969
302.2151794433594, -326.60992431640625
301.81195068359375, -326.6100769042969
301.4087219238281, -326.60992431640625
301.0054931640625, -326.6100769042969
300.6022644042969, -326.60992431640625
300.1990661621094, -326.6100769042969
299.79583740234375, -326.60992431640625
299.3926086425781, -326.6100769042969
298.9893798828125, -326.6099548339844
298.5861511230469, -326.6101379394531
298.1829528808594, -326.61004638671875
297.77972412109375, -326.6101989746094
297.3764953613281, -326.6100769042969
296.9732666015625, -326.6102600097656
296.5700378417969, -326.610107421875
296.1668395996094, -326.6102600097656
295.76361083984375, -326.610107421875
295.3603820800781, -326.6102600097656
294.9571533203125, -326.610107421875
294.5539245605469, -326.6102600097656
294.1507263183594, -326.610107421875
293.74749755859375, -326.6102600097656
293.3442687988281, -326.610107421875
292.9410400390625, -326.6102600097656
292.5378112792969, -326.610107421875
292.1346130371094, -326.6102600097656
291.73138427734375, -326.6100769042969
291.3281555175781, -326.6102600097656
290.9249267578125, -326.6100769042969
290.5216979980469, -326.6102600097656
290.1184997558594, -326.6100769042969
289.71527099609375, -326.6102600097656
289.3120422363281, -326.6100769042969
288.9088134765625, -326.6101989746094
288.5055847167969, -326.6099853515625
288.1023864746094, -326.6100769042969
287.69915771484375, -326.60980224609375
287.2959289550781, -326.6098937988281
286.8927001953125, -326.6096496582031
286.4894714355469, -326.60968017578125
286.0862731933594, -326.60943603515625
285.68304443359375, -326.6094970703125
285.2798156738281, -326.60931396484375
284.8765869140625, -326.60943603515625
284.4733581542969, -326.6091613769531
284.0701599121094, -326.6092529296875
283.66693115234375, -326.6090087890625
283.2637023925781, -326.60906982421875
282.8604736328125, -326.60882568359375
282.4572448730469, -326.60888671875
282.0540466308594, -326.608642578125
281.65081787109375, -326.60870361328125
281.2475891113281, -326.60845947265625
280.8443603515625, -326.6085205078125
280.4411315917969, -326.6082458496094
280.0379333496094, -326.6083068847656
279.63470458984375, -326.6080627441406
279.2314758300781, -326.6081237792969
278.8282470703125, -326.60791015625
278.4250183105469, -326.60809326171875
278.0218200683594, -326.60791015625
277.61859130859375, -326.60809326171875
277.2153625488281, -326.60791015625
276.8121337890625, -326.60809326171875
276.4089050292969, -326.60791015625
276.0057067871094, -326.6080627441406
275.60247802734375, -326.60791015625
275.1992492675781, -326.6080627441406
274.7960205078125, -326.60791015625
274.3927917480469, -326.6080627441406
273.9895935058594, -326.60791015625
273.58636474609375, -326.6080627441406
273.1831359863281, -326.60791015625
272.7799072265625, -326.60809326171875
272.3766784667969, -326.6080017089844
271.9734802246094, -326.6081848144531
271.57025146484375, -326.6080322265625
271.1670227050781, -326.608154296875
270.7637939453125, -326.60797119140625
270.3605651855469, -326.608154296875
269.9573669433594, -326.60797119140625
269.55413818359375, -326.608154296875
269.1509094238281, -326.60797119140625
268.7476806640625, -326.608154296875
268.3444519042969, -326.60797119140625
267.9412536621094, -326.60809326171875
267.53802490234375, -326.60784912109375
267.1347961425781, -326.60791015625
266.7315673828125, -326.60772705078125
266.3283386230469, -326.6078796386719
265.9251403808594, -326.6076965332031
265.52191162109375, -326.6078796386719
265.1186828613281, -326.6076965332031
264.7154541015625, -326.6078186035156
264.3122253417969, -326.6075744628906
263.9090270996094, -326.6076354980469
263.50579833984375, -326.6073913574219
263.1025695800781, -326.60748291015625
262.6993408203125, -326.6072692871094
262.2961120605469, -326.607421875
261.8929138183594, -326.6072692871094
261.48968505859375, -326.607421875
261.0864562988281, -326.60723876953125
260.6832275390625, -326.607421875
260.2799987792969, -326.60723876953125
259.8768005371094, -326.6073303222656
259.47357177734375, -326.60711669921875
259.0703430175781, -326.6072692871094
258.6671142578125, -326.60711669921875
258.2638854980469, -326.60723876953125
257.8606872558594, -326.6070556640625
257.45745849609375, -326.607177734375
257.0542297363281, -326.6069641113281
256.6510009765625, -326.6070556640625
256.2477722167969, -326.6067810058594
255.8445587158203, -326.6068420410156
255.44134521484375, -326.6066589355469
255.03811645507812, -326.6068420410156
254.63490295410156, -326.6066589355469
254.23167419433594, -326.6068420410156
253.8284454345703, -326.6066589355469
253.42523193359375, -326.6067810058594
253.02200317382812, -326.6065979003906
252.61878967285156, -326.6067199707031
252.21556091308594, -326.6065368652344
251.8123321533203, -326.6066589355469
251.40911865234375, -326.6064758300781
251.00588989257812, -326.6065673828125
250.60267639160156, -326.6062927246094
250.19944763183594, -326.6063537597656
249.7962188720703, -326.6061096191406
249.39300537109375, -326.6061706542969
248.98977661132812, -326.60589599609375
248.58656311035156, -326.60595703125
248.18333435058594, -326.605712890625
247.7801055908203, -326.60577392578125
247.37689208984375, -326.60552978515625
246.97366333007812, -326.6055908203125
246.57044982910156, -326.60540771484375
246.16722106933594, -326.6055603027344
245.7639923095703, -326.60540771484375
245.36077880859375, -326.6055603027344
244.95755004882812, -326.60540771484375
244.55433654785156, -326.6055603027344
244.15110778808594, -326.6053771972656
243.7478790283203, -326.60552978515625
243.34466552734375, -326.6053466796875
242.94143676757812, -326.60546875
242.53822326660156, -326.605224609375
242.13499450683594, -326.60540771484375
241.7317657470703, -326.605224609375
241.32855224609375, -326.6053466796875
240.92532348632812, -326.6051330566406
240.52210998535156, -326.6053161621094
240.11888122558594, -326.6051330566406
239.7156524658203, -326.6053161621094
239.31243896484375, -326.6051330566406
238.90921020507812, -326.6053161621094
238.50599670410156, -326.6051330566406
238.10276794433594, -326.605224609375
237.6995391845703, -326.60504150390625
237.29632568359375, -326.60516357421875
236.89309692382812, -326.6048889160156
236.48988342285156, -326.60498046875
236.08665466308594, -326.6047058105469
235.6834259033203, -326.6047668457031
235.28021240234375, -326.6045227050781
234.87698364257812, -326.6045837402344
234.47377014160156, -326.6043395996094
234.07054138183594, -326.6044006347656
233.6673126220703, -326.6041259765625
233.26409912109375, -326.60418701171875
232.86087036132812, -326.60394287109375
232.45765686035156, -326.60400390625
232.05442810058594, -326.603759765625
231.6511993408203, -326.6038513183594
231.24798583984375, -326.60357666015625
230.84475708007812, -326.6036376953125
230.44154357910156, -326.6033935546875
230.03831481933594, -326.60345458984375
229.6350860595703, -326.60321044921875
229.23187255859375, -326.6032409667969
228.82864379882812, -326.6029968261719
228.42543029785156, -326.6030578613281
228.02220153808594, -326.6028137207031
227.6189727783203, -326.6028747558594
227.21575927734375, -326.60260009765625
226.81253051757812, -326.6026611328125
226.40931701660156, -326.6024169921875
226.00608825683594, -326.60247802734375
225.6028594970703, -326.60223388671875
225.19964599609375, -326.6022644042969
224.79641723632812, -326.6020202636719
224.39320373535156, -326.6020812988281
223.98997497558594, -326.6018371582031
223.5867462158203, -326.6018981933594
223.18353271484375, -326.60162353515625
222.78030395507812, -326.6016845703125
222.37709045410156, -326.6014404296875
221.97386169433594, -326.60150146484375
221.5706329345703, -326.6012878417969
221.16741943359375, -326.6014709472656
220.76419067382812, -326.6012878417969
220.36097717285156, -326.6014709472656
219.95774841308594, -326.6012878417969
219.5545196533203, -326.6014404296875
219.15130615234375, -326.6012878417969
218.74807739257812, -326.6014709472656
218.34486389160156, -326.60137939453125
217.94163513183594, -326.6015625
217.5384063720703, -326.6014099121094
217.13519287109375, -326.6015625
216.73196411132812, -326.6014099121094
216.32875061035156, -326.6015625
215.92552185058594, -326.6014099121094
215.5222930908203, -326.6015625
215.11907958984375, -326.6014099121094
214.71585083007812, -326.6015625
214.31263732910156, -326.6014099121094
213.90940856933594, -326.6015625
213.5061798095703, -326.6014099121094
213.10296630859375, -326.6015625
212.69973754882812, -326.6014099121094
212.29652404785156, -326.6015625
211.89329528808594, -326.6014099121094
211.4900665283203, -326.6015625
211.08685302734375, -326.6014099121094
210.68362426757812, -326.6015625
210.28041076660156, -326.6014099121094
209.87718200683594, -326.6015625
209.4739532470703, -326.6014099121094
209.07073974609375, -326.6015625
208.66751098632812, -326.6014099121094
208.26429748535156, -326.6015319824219
207.86106872558594, -326.601318359375
207.4578399658203, -326.6014709472656
207.05462646484375, -326.601318359375
206.65139770507812, -326.6014709472656
206.24818420410156, -326.601318359375
205.84495544433594, -326.6014099121094
205.4417266845703, -326.60113525390625
205.03851318359375, -326.6011962890625
204.63528442382812, -326.6009521484375
204.23207092285156, -326.60101318359375
203.82884216308594, -326.60076904296875
203.4256134033203, -326.6007995605469
203.02239990234375, -326.6005554199219
202.61917114257812, -326.6006164550781
202.21595764160156, -326.6003723144531
201.81272888183594, -326.6004333496094
201.4095001220703, -326.60015869140625
201.00628662109375, -326.6002197265625
200.60305786132812, -326.5999755859375
200.19984436035156, -326.60003662109375
199.79661560058594, -326.599853515625
199.3933868408203, -326.6000061035156
198.99017333984375, -326.5998229980469
198.58694458007812, -326.6000061035156
198.18373107910156, -326.5998229980469
197.78050231933594, -326.6000061035156
197.3772735595703, -326.5998229980469
196.97406005859375, -326.6000061035156
196.57083129882812, -326.5998229980469
196.16761779785156, -326.6000061035156
195.76438903808594, -326.5998229980469
195.3611602783203, -326.6000061035156
194.95794677734375, -326.5998229980469
194.55471801757812, -326.6000061035156
194.15150451660156, -326.5998229980469
193.74827575683594, -326.5999450683594
193.3450469970703, -326.5997619628906
192.94183349609375, -326.59991455078125
192.53860473632812, -326.5997619628906
192.13539123535156, -326.59991455078125
191.73216247558594, -326.5997314453125
191.3289337158203, -326.5998840332031
190.92572021484375, -326.59967041015625
190.52249145507812, -326.5998229980469
190.11927795410156, -326.59967041015625
189.71604919433594, -326.5998229980469
189.3128204345703, -326.59967041015625
188.90960693359375, -326.59979248046875
188.50637817382812, -326.5995788574219
188.10316467285156, -326.5997009277344
187.69993591308594, -326.5994567871094
187.2967071533203, -326.5995178222656
186.89349365234375, -326.5992736816406
186.49026489257812, -326.5993347167969
186.08705139160156, -326.59906005859375
185.68382263183594, -326.59912109375
185.2805938720703, -326.598876953125
184.87738037109375, -326.5989685058594
184.47415161132812, -326.59869384765625
184.07093811035156, -326.5987548828125
183.66770935058594, -326.5985107421875
183.2644805908203, -326.59857177734375
182.86126708984375, -326.59832763671875
182.45803833007812, -326.5983581542969
182.05482482910156, -326.5981140136719
181.65159606933594, -326.5981750488281
181.2483673095703, -326.5979309082031
180.84515380859375, -326.5979919433594
180.44192504882812, -326.59771728515625
180.03871154785156, -326.5977783203125
179.63548278808594, -326.5975341796875
179.2322540283203, -326.59759521484375
178.82904052734375, -326.59735107421875
178.42581176757812, -326.5973815917969
178.02259826660156, -326.59716796875
177.61936950683594, -326.59722900390625
177.21615600585938, -326.59698486328125
176.81292724609375, -326.5970764160156
176.40969848632812, -326.59686279296875
176.00648498535156, -326.5970153808594
175.60325622558594, -326.5968017578125
175.20004272460938, -326.5969543457031
174.79681396484375, -326.5968017578125
174.39358520507812, -326.5969543457031
173.99037170410156, -326.5968017578125
173.58714294433594, -326.5969543457031
173.18392944335938, -326.5968017578125
172.78070068359375, -326.59698486328125
172.37747192382812, -326.5968322753906
171.97425842285156, -326.5969543457031
171.57102966308594, -326.5968017578125
171.16781616210938, -326.59698486328125
170.76458740234375, -326.5968322753906
170.36135864257812, -326.59698486328125
169.95814514160156, -326.5968322753906
169.55491638183594, -326.59698486328125
169.15170288085938, -326.59686279296875
168.74847412109375, -326.5970153808594
168.34524536132812, -326.596923828125
167.94203186035156, -326.59710693359375
167.53880310058594, -326.5969543457031
167.13558959960938, -326.5970764160156
166.73236083984375, -326.5968933105469
166.32913208007812, -326.5970153808594
165.92591857910156, -326.59674072265625
165.52268981933594, -326.5968933105469
165.11947631835938, -326.59674072265625
164.71624755859375, -326.5968933105469
164.31301879882812, -326.59674072265625
163.90980529785156, -326.5968933105469
163.506591796875, -326.59674072265625
163.10336303710938, -326.5968933105469
162.7001495361328, -326.59674072265625
162.2969207763672, -326.5968933105469
161.89369201660156, -326.5967102050781
161.490478515625, -326.5968017578125
161.08724975585938, -326.5965576171875
160.6840362548828, -326.5967102050781
160.2808074951172, -326.5965270996094
159.87757873535156, -326.5967102050781
159.474365234375, -326.5965576171875
159.07113647460938, -326.59661865234375
158.6679229736328, -326.59637451171875
158.2646942138672, -326.596435546875
157.86146545410156, -326.59619140625
157.458251953125, -326.59625244140625
157.05502319335938, -326.5959777832031
156.6518096923828, -326.5960388183594
156.2485809326172, -326.5957946777344
155.84535217285156, -326.5958557128906
155.442138671875, -326.5956115722656
155.03890991210938, -326.59564208984375
154.6356964111328, -326.59539794921875
154.2324676513672, -326.595458984375
153.82923889160156, -326.59521484375
153.426025390625, -326.59527587890625
153.02279663085938, -326.5950622558594
152.6195831298828, -326.59515380859375
152.2163543701172, -326.59490966796875
151.81312561035156, -326.5949401855469
151.409912109375, -326.5946960449219
151.00668334960938, -326.5947570800781
150.6034698486328, -326.5945129394531
150.2002410888672, -326.5945739746094
149.79701232910156, -326.5943603515625
149.393798828125, -326.5945129394531
148.99057006835938, -326.5943603515625
148.5873565673828, -326.5945129394531
148.1841278076172, -326.5943603515625
147.78089904785156, -326.5945129394531
147.377685546875, -326.5943908691406
146.97445678710938, -326.5945739746094
146.5712432861328, -326.59442138671875
146.1680145263672, -326.5945739746094
145.76478576660156, -326.59442138671875
145.361572265625, -326.5945739746094
144.95834350585938, -326.59442138671875
144.5551300048828, -326.5945739746094
144.1519012451172, -326.59442138671875
143.74867248535156, -326.59454345703125
143.345458984375, -326.5943603515625
142.94223022460938, -326.59454345703125
142.5390167236328, -326.5943603515625
142.1357879638672, -326.59454345703125
141.73255920410156, -326.5943603515625
141.329345703125, -326.5944519042969
140.92611694335938, -326.59423828125
140.5229034423828, -326.59442138671875
140.1196746826172, -326.59423828125
139.71644592285156, -326.59442138671875
139.313232421875, -326.59423828125
138.91000366210938, -326.59429931640625
138.5067901611328, -326.5941162109375
138.1035614013672, -326.59417724609375
137.70033264160156, -326.59393310546875
137.297119140625, -326.5940246582031
136.89389038085938, -326.59375
136.4906768798828, -326.59381103515625
136.0874481201172, -326.5935363769531
135.68421936035156, -326.5936279296875
135.281005859375, -326.5933532714844
134.87777709960938, -326.59344482421875
134.4745635986328, -326.5931701660156
134.0713348388672, -326.5932312011719
133.66810607910156, -326.59295654296875
133.264892578125, -326.5930480957031
132.86166381835938, -326.5928649902344
132.4584503173828, -326.59295654296875
132.0552215576172, -326.5926818847656
131.65199279785156, -326.5927734375
131.248779296875, -326.59259033203125
130.84555053710938, -326.5927429199219
130.4423370361328, -326.5925598144531
130.0391082763672, -326.5927429199219
129.63587951660156, -326.5925598144531
129.232666015625, -326.5927429199219
128.82943725585938, -326.5925598144531
128.4262237548828, -326.5927429199219
128.0229949951172, -326.5925598144531
127.6197738647461, -326.5927429199219
127.216552734375, -326.5925598144531
126.81332397460938, -326.5926818847656
126.41010284423828, -326.59246826171875
126.00688171386719, -326.5926513671875
125.6036605834961, -326.59246826171875
125.200439453125, -326.5926513671875
124.79721069335938, -326.59246826171875
124.39398956298828, -326.5926513671875
123.99076843261719, -326.59246826171875
123.5875473022461, -326.59259033203125
123.184326171875, -326.5923767089844
122.78109741210938, -326.5925598144531
122.37787628173828, -326.5923767089844
121.97465515136719, -326.5925598144531
121.5714340209961, -326.5923767089844
121.16835021972656, -326.5925598144531
120.76616668701172, -326.5923767089844
120.3660888671875, -326.5925598144531
119.96944427490234, -326.5923767089844
119.57730102539062, -326.5925598144531
119.19048309326172, -326.5923767089844
118.80934143066406, -326.59246826171875
118.43377685546875, -326.5921936035156
118.06340789794922, -326.59228515625
117.69762420654297, -326.5920104980469
117.33576965332031, -326.59210205078125
116.97718811035156, -326.591796875
116.62181091308594, -326.5919189453125
116.27178192138672, -326.5916442871094
115.92951965332031, -326.59173583984375
115.59707641601562, -326.59149169921875
115.27565002441406, -326.5917053222656
114.97071075439453, -326.5914611816406
114.7240219116211, -326.5914001464844
114.43204498291016, -326.59136962890625
114.22633361816406, -326.59149169921875
113.97594451904297, -326.5915222167969
113.73477935791016, -326.5915222167969
113.43182373046875, -326.5915222167969
113.06708526611328, -326.5915222167969
112.86275482177734, -326.5915222167969
112.64434051513672, -326.5915222167969
112.41215515136719, -326.5915222167969
112.16634368896484, -326.5915222167969
111.90705871582031, -326.5914306640625
111.63896942138672, -326.59130859375
111.36858367919922, -326.5912170410156
111.09223175048828, -326.5911560058594
110.80789184570312, -326.5910339355469
110.51322937011719, -326.5909423828125
110.20738220214844, -326.5908508300781
109.88899993896484, -326.59075927734375
109.55826568603516, -326.5906677246094
109.2176513671875, -326.5906066894531
108.87313079833984, -326.5906066894531
108.52974700927734, -326.59051513671875
108.19127655029297, -326.59039306640625
107.85874938964844, -326.5903015136719
107.5331802368164, -326.5902099609375
107.21419525146484, -326.5901184082031
106.90193176269531, -326.59002685546875
106.59559631347656, -326.58990478515625
106.29519653320312, -326.5867004394531
105.99934387207031, -326.5774230957031
105.70636749267578, -326.56475830078125
105.41378784179688, -326.54962158203125
105.12037658691406, -326.53265380859375
104.82502746582031, -326.5140686035156
104.52840423583984, -326.4942626953125
104.23124694824219, -326.4733581542969
103.9354248046875, -326.45172119140625
103.64198303222656, -326.4294738769531
103.35230255126953, -326.40692138671875
103.0665512084961, -326.3840637207031
102.78520965576172, -326.3610534667969
102.50743865966797, -326.33795166015625
102.23296356201172, -326.314697265625
101.96039581298828, -326.2912902832031
101.68914794921875, -326.2677001953125
101.41796875, -326.24383544921875
101.14714813232422, -326.2165222167969
100.8765869140625, -326.1789855957031
100.60377502441406, -326.13201904296875
100.3245849609375, -326.07757568359375
100.03694152832031, -326.0170593261719
99.7388916015625, -325.9503173828125
99.42984771728516, -325.8778381347656
99.11050415039062, -325.79510498046875
98.78141021728516, -325.70074462890625
98.44270324707031, -325.59222412109375
98.0948486328125, -325.4688415527344
97.7396240234375, -325.328369140625
97.37808227539062, -325.1706848144531
97.01292419433594, -324.99407958984375
96.64765167236328, -324.7998352050781
96.28822326660156, -324.58880615234375
95.9427719116211, -324.3611145019531
95.61164855957031, -324.11968994140625
95.29708862304688, -323.8658447265625
95.0035629272461, -323.5986022949219
94.727783203125, -323.31982421875
94.46966552734375, -323.0284423828125
94.22677612304688, -322.72430419921875
93.9993896484375, -322.4057922363281
93.78569793701172, -322.07330322265625
93.58273315429688, -321.72735595703125
93.39421844482422, -321.3695373535156
93.22091674804688, -321.00164794921875
93.06498718261719, -320.62646484375
92.92666625976562, -320.24566650390625
92.80801391601562, -319.86151123046875
92.71141052246094, -319.4749450683594
92.63101196289062, -319.0857849121094
92.56429290771484, -318.6932067871094
92.50901794433594, -318.2974548339844
92.46383666992188, -317.89837646484375
92.42727661132812, -317.49676513671875
92.39845275878906, -317.09307861328125
92.37605285644531, -316.68841552734375
92.35900115966797, -316.2832336425781
92.34630584716797, -315.87841796875
92.33731079101562, -315.47412109375
92.33132934570312, -315.0707702636719
92.32786560058594, -314.66802978515625
92.32646942138672, -314.2659606933594
92.3268051147461, -313.86395263671875
92.32855224609375, -313.4620361328125
92.33150482177734, -313.0597229003906
92.3344497680664, -312.6570739746094
92.3373031616211, -312.2537841796875
92.34033966064453, -311.8502502441406
92.34352111816406, -311.4462890625
92.3468017578125, -311.04241943359375
92.35016632080078, -310.6384582519531
92.35359954833984, -310.2348327636719
92.35707092285156, -309.831298828125
92.3605728149414, -309.4281921386719
92.36409759521484, -309.0251159667969
92.36762237548828, -308.6222839355469
92.37120056152344, -308.2193298339844
92.37432098388672, -307.81646728515625
92.37700653076172, -307.4133605957031
92.37947845458984, -307.01025390625
92.38178253173828, -306.60687255859375
92.3839340209961, -306.2035217285156
92.38597106933594, -305.79998779296875
92.3879165649414, -305.3966064453125
92.3897933959961, -304.99310302734375
92.39158630371094, -304.5898132324219
92.39332580566406, -304.18646240234375
92.39500427246094, -303.7833251953125
92.39666748046875, -303.38006591796875
92.3983383178711, -302.9769592285156
92.39974212646484, -302.5736999511719
92.40090942382812, -302.1706237792969
92.4019546508789, -301.7673645019531
92.40290832519531, -301.3641662597656
92.40377807617188, -300.9608154296875
92.40458679199219, -300.5575866699219
92.40534210205078, -300.15423583984375
92.40605926513672, -299.7510070800781
92.4067153930664, -299.34765625
92.40737915039062, -298.9444580078125
92.40802764892578, -298.5411071777344
92.40860748291016, -298.1379089355469
92.40909576416016, -297.734619140625
92.40950012207031, -297.3314514160156
92.40985107421875, -296.9281311035156
92.41019439697266, -296.5249328613281
92.41047668457031, -296.12158203125
92.41071319580078, -295.7183837890625
92.41094207763672, -295.3150329589844
92.41118621826172, -294.9118347167969
92.41143035888672, -294.50848388671875
92.41168975830078, -294.1053161621094
92.41193389892578, -293.7019348144531
92.41214752197266, -293.29876708984375
92.412353515625, -292.8954162597656
92.41254425048828, -292.4922180175781
92.4127197265625, -292.0888671875
92.41284942626953, -291.6856689453125
92.41299438476562, -291.2823181152344
92.41311645507812, -290.8791198730469
92.41316986083984, -290.47576904296875
92.41326141357422, -290.0726013183594
92.41336059570312, -289.6692199707031
92.4134521484375, -289.26605224609375
92.41351318359375, -288.8627014160156
92.41355895996094, -288.4595031738281
92.41361999511719, -288.05615234375
92.4136734008789, -287.6529541015625
92.4137191772461, -287.2496032714844
92.41376495361328, -286.8464050292969
92.413818359375, -286.44305419921875
92.41384887695312, -286.0398864746094
92.41383361816406, -285.6365051269531
92.41384887695312, -285.23333740234375
92.41382598876953, -284.8299865722656
92.41376495361328, -284.4267883300781
92.41368865966797, -284.0234375
92.41361999511719, -283.6202392578125
92.41358184814453, -283.2168884277344
92.41353607177734, -282.8136901855469
92.4134292602539, -282.41033935546875
92.413330078125, -282.0071716308594
92.4132308959961, -281.6037902832031
92.41313171386719, -281.20062255859375
92.41303253173828, -280.7972717285156
92.4129409790039, -280.3940734863281
92.41288757324219, -279.99072265625
92.41282653808594, -279.5875244140625
92.41278076171875, -279.1841735839844
92.41273498535156, -278.7809753417969
92.41268157958984, -278.37762451171875
92.41263580322266, -277.9744567871094
92.41258239746094, -277.5710754394531
92.41253662109375, -277.16790771484375
92.41249084472656, -276.7645568847656
92.41243743896484, -276.3613586425781
92.41239166259766, -275.9580078125
92.41228485107422, -275.5548095703125
92.41218566894531, -275.1514587402344
92.4120864868164, -274.7482604980469
92.4119873046875, -274.34490966796875
92.41189575195312, -273.9417419433594
92.41179656982422, -273.5383605957031
92.41169738769531, -273.13519287109375
92.4115982055664, -272.7318420410156
92.4114990234375, -272.3286437988281
92.41140747070312, -271.92529296875
92.41130828857422, -271.5220947265625
92.41120910644531, -271.1187438964844
92.4111099243164, -270.7155456542969
92.4110107421875, -270.31219482421875
92.41091918945312, -269.9090270996094
92.41082000732422, -269.5056457519531
92.41072082519531, -269.10247802734375
92.4106216430664, -268.6991271972656
92.4105224609375, -268.2959289550781
92.41043090820312, -267.892578125
92.41033172607422, -267.4893798828125
92.41023254394531, -267.0860290527344
92.4101333618164, -266.6828308105469
92.4100341796875, -266.27947998046875
92.40994262695312, -265.8763122558594
92.4098892211914, -265.4729309082031
92.40984344482422, -265.06976318359375
92.4097900390625, -264.6664123535156
92.40974426269531, -264.2632141113281
92.40969848632812, -263.85986328125
92.4096450805664, -263.4566650390625
92.40959930419922, -263.0533142089844
92.4095458984375, -262.6501159667969
92.40950012207031, -262.24676513671875
92.40945434570312, -261.8435974121094
92.4094009399414, -261.4402160644531
92.40935516357422, -261.03704833984375
92.4093017578125, -260.6336975097656
92.4092788696289, -260.2304992675781
92.40924835205078, -259.8271484375
92.40919494628906, -259.4239501953125
92.40914916992188, -259.0205993652344
92.40909576416016, -258.6174011230469
92.40904998779297, -258.21405029296875
92.40900421142578, -257.8108825683594
92.40895080566406, -257.4075012207031
92.40890502929688, -257.00433349609375
92.40885162353516, -256.6009826660156
92.40880584716797, -256.1977844238281
92.40876007080078, -255.79443359375
92.40870666503906, -255.39125061035156
92.40866088867188, -254.98788452148438
92.4085922241211, -254.58470153808594
92.40851593017578, -254.18133544921875
92.40847778320312, -253.7781524658203
92.4084243774414, -253.3748016357422
92.40837860107422, -252.97161865234375
92.4083480834961, -252.56825256347656
92.40831756591797, -252.16506958007812
92.40827178955078, -251.76171875
92.40821075439453, -251.35853576660156
92.40816497802734, -250.95516967773438
92.40811157226562, -250.55198669433594
92.4080581665039, -250.14862060546875
92.40797424316406, -249.7454376220703
92.4079360961914, -249.3420867919922
92.40782928466797, -248.93890380859375
92.40774536132812, -248.53553771972656
92.40769958496094, -248.13235473632812
92.40764617919922, -247.72900390625
92.4075927734375, -247.32582092285156
92.40754699707031, -246.92245483398438
92.40750122070312, -246.51927185058594
92.4074478149414, -246.11590576171875
92.40734100341797, -245.7127227783203
92.40725708007812, -245.3093719482422
92.40715789794922, -244.90618896484375
92.40705871582031, -244.50282287597656
92.4069595336914, -244.09963989257812
92.4068603515625, -243.6962890625
92.40676879882812, -243.29310607910156
92.40666961669922, -242.88973999023438
92.40657043457031, -242.48655700683594
92.4064712524414, -242.08319091796875
92.4063720703125, -241.6800079345703
92.40628051757812, -241.2766571044922
92.40618133544922, -240.87347412109375
92.40608215332031, -240.47010803222656
92.4059829711914, -240.06692504882812
92.4058837890625, -239.66357421875
92.40579223632812, -239.26039123535156
92.40569305419922, -238.85702514648438
92.40559387207031, -238.45384216308594
92.4054946899414, -238.05047607421875
92.4053955078125, -237.6472930908203
92.40530395507812, -237.2439422607422
92.40520477294922, -236.84075927734375
92.40510559082031, -236.43739318847656
92.4050064086914, -236.03421020507812
92.4049072265625, -235.630859375
92.40481567382812, -235.22767639160156
92.40471649169922, -234.82431030273438
92.40461730957031, -234.42112731933594
92.4045181274414, -234.01776123046875
92.4044189453125, -233.6145782470703
92.40432739257812, -233.2112274169922
92.40422821044922, -232.80804443359375
92.40412902832031, -232.40467834472656
92.4040298461914, -232.00149536132812
92.4039306640625, -231.59814453125
92.40383911132812, -231.19496154785156
92.40373992919922, -230.79159545898438
92.40364074707031, -230.38841247558594
92.4035415649414, -229.98504638671875
92.4034423828125, -229.5818634033203
92.40335083007812, -229.1785125732422
92.40325164794922, -228.77532958984375
92.40315246582031, -228.37210083007812
92.40311431884766, -227.96990966796875
92.4030532836914, -227.56956481933594
92.40300750732422, -227.17274475097656
92.4029541015625, -226.78024291992188
92.40290832519531, -226.39324951171875
92.40286254882812, -226.01173400878906
92.4028091430664, -225.63601684570312
92.40276336669922, -225.26531982421875
92.40274047851562, -224.8994903564453
92.4027099609375, -224.537353515625
92.4027099609375, -224.17868041992188
92.40270233154297, -223.8225860595703
92.40270233154297, -223.4691619873047
92.40272521972656, -223.11785888671875
92.4027328491211, -222.76931762695312
92.4027328491211, -222.42344665527344
92.4027328491211, -222.0809326171875
92.4027328491211, -221.74176025390625
92.4027328491211, -221.40652465820312
92.4027328491211, -221.07492065429688
92.4027328491211, -220.7473602294922
92.4027328491211, -220.4232940673828
92.4027328491211, -220.1029052734375
92.4027328491211, -219.78553771972656
92.40270233154297, -219.47171020507812
92.4026870727539, -219.1628875732422
92.40269470214844, -218.8616485595703
92.40269470214844, -218.5837860107422
92.40269470214844, -218.37132263183594
92.40269470214844, -218.1477508544922
92.4027328491211, -217.90292358398438
92.40272521972656, -217.6059112548828
92.4027099609375, -217.33360290527344
92.40270233154297, -216.99932861328125
92.40262603759766, -216.60504150390625
92.40257263183594, -216.3865509033203
92.40252685546875, -216.15432739257812
92.40253448486328, -215.90847778320312
92.40252685546875, -215.64913940429688
92.40248107910156, -215.38095092773438
92.40242767333984, -215.11048889160156
92.40238189697266, -214.8340606689453
92.40232849121094, -214.5496368408203
92.40229034423828, -214.2548828125
92.40228271484375, -213.9490509033203
92.40220642089844, -213.63148498535156
92.40213775634766, -213.30609130859375
92.40254974365234, -212.98092651367188
92.40328216552734, -212.6600799560547
92.4041519165039, -212.34474182128906
92.40513610839844, -212.03610229492188
92.40621948242188, -211.73382568359375
92.40734100341797, -211.43812561035156
92.40850067138672, -211.1482391357422
92.40968322753906, -210.8640899658203
92.41087341308594, -210.583984375
92.412109375, -210.30679321289062
92.41336822509766, -210.03024291992188
92.41463470458984, -209.753173828125
92.41596221923828, -209.47425842285156
92.41732025146484, -209.19393920898438
92.418701171875, -208.91281127929688
92.42008209228516, -208.6326904296875
92.42147064208984, -208.35458374023438
92.42285919189453, -208.07994079589844
92.42735290527344, -207.80926513671875
92.44103240966797, -207.5442352294922
92.46489715576172, -207.28358459472656
92.49539184570312, -207.02362060546875
92.53143310546875, -206.75997924804688
92.57196044921875, -206.49005126953125
92.6171875, -206.21115112304688
92.66676330566406, -205.9221649169922
92.72116088867188, -205.6215057373047
92.7802734375, -205.30865478515625
92.84477233886719, -204.9808349609375
92.91812896728516, -204.6426544189453
93.0026626586914, -204.29360961914062
93.10028839111328, -203.93446350097656
93.21753692626953, -203.56898498535156
93.3521499633789, -203.1972198486328
93.50599670410156, -202.82139587402344
93.68204498291016, -202.44952392578125
93.88017272949219, -202.08880615234375
94.09613800048828, -201.7406463623047
94.32917022705078, -201.40855407714844
94.57914733886719, -201.09808349609375
94.84597778320312, -200.8131561279297
95.12873077392578, -200.55233764648438
95.42766571044922, -200.30953979492188
95.7435531616211, -200.08677673339844
96.07705688476562, -199.89173889160156
96.4276351928711, -199.72100830078125
96.79520416259766, -199.56956481933594
97.17703247070312, -199.43548583984375
97.56956481933594, -199.32174682617188
97.9686279296875, -199.22705078125
98.3711929321289, -199.15097045898438
98.77456665039062, -199.0909881591797
99.1777114868164, -199.04415893554688
99.57936096191406, -199.00851440429688
99.97966766357422, -198.98243713378906
100.37859344482422, -198.96429443359375
100.7771987915039, -198.95286560058594
101.17594146728516, -198.94692993164062
101.57589721679688, -198.94569396972656
101.9772720336914, -198.94630432128906
102.38043975830078, -198.94818115234375
102.78477478027344, -198.95159912109375
103.19010162353516, -198.956298828125
103.59554290771484, -198.96202087402344
104.00086975097656, -198.96856689453125
104.40542602539062, -198.97579956054688
104.809326171875, -198.9835662841797
105.21226501464844, -198.99176025390625
105.61474609375, -199.00030517578125
106.01668548583984, -199.00914001464844
106.41870880126953, -199.01820373535156
106.82074737548828, -199.02748107910156
107.22332000732422, -199.03546142578125
107.62616729736328, -199.04237365722656
108.02960968017578, -199.04879760742188
108.4332275390625, -199.05482482910156
108.837158203125, -199.06051635742188
109.2409439086914, -199.06593322753906
109.64476013183594, -199.07107543945312
110.04823303222656, -199.07603454589844
110.45162200927734, -199.08079528808594
110.85462951660156, -199.0854034423828
111.25765228271484, -199.08990478515625
111.66045379638672, -199.0943145751953
112.06344604492188, -199.09803771972656
112.46635437011719, -199.1012420654297
112.86953735351562, -199.10411071777344
113.27271270751953, -199.1068115234375
113.67613983154297, -199.10926818847656